4294967278,359
4294967278,242
4294967294,75
4294967294,18
4294967294,127
4294967294,14
4294967294,126
4294967294,20
4294967294,13
4294967278,256
4294967278,2
4294967278,40
4294967279,129
4294967279,115
4294967279,79
4294967279,374
4294967279,38
4294967279,10
4294967279,377
4294967278,369
4294967278,195
4294967279,65
4294967279,544
4294967279,376
4294967278,327
4294967278,170
460,5
460,4
460,3
460,2
460,1
4294967278,162
4294967279,162
4294967278,159
459,6
4294967279,158
459,5
459,4
459,3
459,2
459,1
4294967279,375
4294967294,409
4294967294,108
4294967294,113
4294967294,411
4294967279,145
4294967278,147
4294967278,146
4294967278,144
4294967278,143
4294967279,141
4294967279,567
4294967278,138
4294967278,288
456,6
456,5
456,4
456,3
456,2
456,1
4294967278,445
4294967278,333
4294967279,277
4294967279,15
4294967279,265
4294967278,275
4294967278,267
4294967279,262
4294967279,261
4294967294,437
4294967279,552
4294967279,515
453,6
453,5
453,4
453,3
453,2
453,1
4294967278,234
4294967278,232
4294967278,272
4294967279,285
4294967278,440
4294967279,566
450,5
450,4
450,3
450,2
450,1
4294967278,209
448,6
4294967279,549
448,5
448,4
448,3
448,2
448,1
447,5
447,4
447,3
447,2
447,1
4294967279,562
446,5
446,4
446,3
446,2
446,1
4294967279,561
4294967294,1171
4294967294,109
4294967294,449
4294967294,169
445,5
445,4
445,3
445,2
445,1
4294967278,266
4294967279,169
443,4
443,3
443,2
443,1
4294967279,165
4294967278,259
4294967278,330
4294967279,370
4294967294,489
4294967294,1014
4294967294,1007
4294967294,999
4294967294,176
4294967294,173
4294967294,170
4294967279,150
4294967278,360
4294967278,249
4294967278,245
4294967278,61
4294967278,31
4294967278,30
4294967278,29
4294967278,27
4294967278,20
4294967278,19
4294967278,17
4294967278,8
4294967279,368
4294967279,124
4294967279,313
4294967279,84
4294967279,82
4294967279,372
4294967279,20
4294967279,19
4294967278,401
4294967279,297
4294967278,255
4294967279,283
4294967278,265
4294967278,264
4294967278,6
4294967279,560
4294967278,251
4294967279,252
4294967278,332
4294967278,247
4294967279,513
4294967279,512
442,5
442,4
442,3
442,2
442,1
4294967279,251
4294967279,316
4294967279,371
4294967278,252
4294967279,122
4294967279,314
4294967294,1089
4294967279,246
4294967278,244
4294967279,243
4294967279,241
4294967278,240
441,6
441,5
4294967279,237
441,4
4294967278,237
441,2
441,1
4294967278,243
4294967279,227
4294967278,241
4294967278,217
4294967278,213
4294967278,415
4294967279,307
4294967279,558
438,6
4294967279,203
438,5
438,4
438,3
438,2
438,1
4294967279,326
4294967294,444
4294967294,167
4294967294,456
4294967294,408
4294967279,335
4294967278,196
4294967279,196
4294967278,191
4294967279,572
4294967278,331
4294967279,72
4294967279,295
435,6
435,5
435,4
435,3
435,2
435,1
4294967279,171
4294967279,170
4294967278,169
4294967279,168
4294967278,229
4294967278,164
4294967279,164
4294967278,163
4294967278,377
4294967279,369
4294967279,157
4294967279,156
4294967279,153
432,5
4294967279,152
432,4
432,3
432,2
432,1
4294967278,345
4294967279,555
4294967279,554
430,6
430,5
430,4
430,3
430,2
430,1
4294967278,395
429,5
429,4
429,3
429,2
429,1
4294967279,263
4294967279,275
4294967294,1008
4294967294,1093
4294967294,1015
4294967279,258
4294967278,225
4294967278,263
4294967279,257
427,5
4294967278,261
427,4
427,3
427,2
427,1
4294967279,253
4294967278,258
4294967278,324
4294967278,431
4294967279,319
4294967278,329
425,4
4294967279,250
425,3
425,2
425,1
4294967294,395
4294967294,1416
4294967294,399
4294967294,415
4294967294,183
4294967294,1172
4294967294,457
4294967294,386
4294967294,450
4294967294,164
4294967278,223
4294967278,393
4294967279,238
4294967278,239
4294967278,219
4294967278,428
4294967278,384
4294967279,174
4294967279,309
4294967279,337
4294967279,85
4294967279,77
4294967279,298
4294967278,355
4294967279,221
4294967279,219
4294967278,218
4294967279,217
4294967278,216
4294967279,310
4294967278,211
4294967279,210
4294967278,206
4294967279,204
4294967278,200
4294967278,199
4294967279,195
4294967278,194
4294967279,194
4294967278,193
4294967278,192
4294967278,215
4294967278,306
4294967279,345
4294967279,186
4294967279,185
4294967279,182
424,5
424,4
424,3
424,2
424,1
4294967278,137
4294967278,178
4294967278,177
4294967279,177
4294967278,382
4294967279,175
4294967279,172
423,6
4294967278,171
423,5
423,4
423,2
423,1
4294967279,550
4294967278,413
4294967279,155
4294967278,155
4294967279,548
4294967278,351
4294967279,151
4294967279,340
4294967278,149
420,6
4294967279,146
420,5
420,4
420,3
420,2
420,1
4294967279,322
4294967279,365
4294967279,327
4294967279,546
4294967279,270
4294967294,396
4294967294,407
4294967294,178
4294967294,179
4294967294,448
4294967294,462
4294967294,418
417,6
417,5
417,4
417,3
417,2
417,1
4294967279,543
4294967294,492
4294967294,1092
4294967294,997
4294967294,995
4294967294,162
4294967294,1012
414,5
414,4
414,3
414,2
414,1
4294967279,230
4294967279,323
412,6
4294967294,1420
4294967294,1419
4294967294,491
4294967279,542
412,5
412,4
412,3
412,2
412,1
411,5
411,4
411,3
411,2
411,1
4294967278,412
4294967278,201
4294967279,332
409,5
409,4
409,3
409,2
409,1
4294967278,190
4294967294,490
408,5
408,4
408,3
408,2
408,1
4294967279,181
4294967278,180
407,4
407,3
407,2
407,1
4294967278,179
4294967294,468
4294967279,541
4294967278,352
4294967279,524
4294967279,58
4294967279,367
4294967279,344
4294967278,396
4294967278,132
4294967278,131
4294967278,130
4294967278,125
4294967278,123
4294967278,122
4294967278,121
4294967278,120
4294967278,174
4294967278,118
4294967278,117
4294967278,116
4294967278,115
4294967278,111
4294967278,109
4294967278,107
4294967278,106
4294967278,105
4294967278,101
4294967278,99
4294967278,98
4294967278,97
4294967278,96
4294967278,95
4294967278,94
4294967278,93
4294967278,90
4294967278,86
4294967278,84
4294967278,83
4294967278,82
4294967278,81
4294967278,75
4294967278,73
4294967278,71
4294967278,70
4294967278,68
4294967278,388
4294967279,522
4294967279,49
4294967279,48
4294967279,46
4294967279,45
4294967279,40
4294967279,35
4294967279,34
4294967279,27
4294967279,26
4294967279,331
4294967279,25
4294967279,24
4294967279,260
4294967279,22
4294967278,376
4294967294,504
4294967294,466
4294967294,402
4294967279,264
406,5
406,4
406,3
406,2
406,1
4294967278,129
4294967278,444
4294967279,255
4294967279,254
405,6
4294967278,257
405,5
405,4
4294967278,326
405,2
405,1
4294967278,128
4294967278,119
4294967279,540
4294967278,127
4294967278,126
4294967278,321
4294967278,124
4294967278,254
4294967279,536
4294967278,113
4294967278,112
4294967278,235
4294967294,401
4294967294,1094
4294967294,1009
4294967294,1011
4294967294,1088
4294967294,161
4294967278,110
4294967278,108
402,6
402,5
402,4
402,3
402,2
402,1
4294967278,103
4294967279,355
4294967278,100
4294967278,91
4294967278,79
4294967278,89
4294967278,87
4294967279,199
4294967278,85
399,6
399,5
399,4
399,3
399,2
399,1
4294967278,78
4294967278,69
4294967278,76
4294967278,188
4294967278,74
4294967279,187
4294967278,182
4294967279,535
4294967279,557
4294967278,302
396,5
396,4
396,3
396,2
396,1
4294967294,458
394,6
4294967294,503
394,5
394,4
394,3
394,2
394,1
4294967279,534
393,5
4294967294,1091
4294967294,996
4294967294,1013
4294967294,1002
393,4
393,3
393,2
393,1
